%YAML:1.0
---
camera_matrix: !!opencv-matrix
   rows: 3
   cols: 3
   dt: d
   data: [ 671.93639872139079, 0., 331.53731617993759, 0.,
       680.97964643976525, 254.57266728935349, 0., 0., 1. ]
dist_coeff: !!opencv-matrix
   rows: 1
   cols: 5
   dt: d
   data: [ -0.0071103485927005274, -0.13574801590382801,
       0.0063290068989811472, 0.0094547337817469587, 0.28191097433103562 ]