T_drone_from_cam:
  pitch: -0.051733
  roll: 3.058117
  x: -0.115
  y: -0.15
  yaw: -0.061856
  z: 0.0
T_map_from_opti:
  pitch: 0.0
  roll: 0.0
  x: 0.845127
  y: 0.217236
  yaw: 1.570795
  z: 0.0
correction_params:
  c_x_m: -1.084873
  c_y_m: -1.692764
  degenerate_heading: true
  delta_yaw_deg: -0.0742
  dx_drone_m: 0.0
  dy_drone_m: 0.0
