T_map_from_opti:
  x: 1.883162
  y: 1.95327
  z: 0.0
  roll: 0.0
  pitch: 0.0
  yaw: 1.570795
T_drone_from_cam:
  x: -0.098959
  y: -0.065656
  z: 0.2
  roll: 3.14159
  pitch: 0.0
  yaw: 0.045509
correction_params:
  c_x_m: 0.002342
  c_y_m: 0.004799
  dx_drone_m: -0.033959
  dy_drone_m: -0.003664
  dz_drone_m: 0.1
  scale: 0.0
  delta_yaw_deg: -0.0027
  degenerate_attitude: false
  condition_number: 17.75
  model_dof: 5
  n_observations: 14
